D=0.6 tau=0.45 phi=2
D=0.607450257103909 tau=0.6075 phi=2
D=0 tau=0.840871705260934 phi=2.24440842287253
